1 -9.8 0.4 0.8 0 -1 1001 1385 1385 
2 -9.8 0.4 0.75 0 -1 1001 1391 1391 
3 -9.8 0.4 0.8 0 -1 1001 1408 1408 
4 -9.8 0.4 0.8 0 -1 1001 1406 1406 
5 -9.8 0.4 0.75 0 -1 1001 1395 1395 
6 -9.8 0.4 0.7 0 -1 1001 1382 1382 
7 -9.8 0.4 0.7 0 -1 1001 1380 1380 
8 -9.8 0.4 0.8 0 -1 1001 1409 1409 
9 -9.8 0.4 0.75 0 -1 1001 1393 1393 
10 -9.8 0.4 0.8 0 -1 1001 1405 1405 
11 -2.45 0.4 0.75 0 -1 1001 1784 1784 
12 -2.45 0.4 0.8 0 -1 1001 1807 1807 
13 -2.45 0.4 0.7 0 -1 1001 1749 1749 
14 -2.45 0.4 0.7 0 -1 1001 1753 1753 
15 -2.45 0.4 0.8 0 -1 1001 1806 1806 
16 -2.45 0.4 0.7 0 -1 1001 1745 1745 
17 -2.45 0.4 0.8 0 -1 1001 1799 1799 
18 -2.45 0.4 0.75 0 -1 1001 1766 1766 
19 -2.45 0.4 0.7 0 -1 1001 1739 1739 
20 -2.45 0.4 0.7 0 -1 1001 1740 1740 
21 -2.45 0.4 0.7 0 -1 1001 1734 1734 
22 -2.45 0.4 0.7 0 -1 1001 1734 1734 
23 -2.45 0.4 0.8 0 -1 1001 1788 1788 
24 -2.45 0.4 0.8 0 -1 1001 1788 1788 
25 -2.45 0.4 0.7 0 -1 1001 1734 1734 
26 -2.45 0.4 0.8 0 -1 1001 1788 1788 
27 -2.45 0.4 0.8 0 -1 1001 1788 1788 
28 -2.45 0.4 0.8 0 -1 1001 1788 1788 
29 -2.45 0.4 0.75 0 -1 1001 1761 1761 
30 -2.45 0.4 0.7 0 -1 1001 1734 1734 
31 -2.45 0.4 0.7 0 -1 1001 1734 1734 
32 -2.45 0.4 0.8 0 -1 1001 1788 1788 
33 -2.45 0.4 0.7 0 -1 1001 1734 1734 
34 -2.45 0.4 0.7 0 -1 1001 1734 1734 
35 -2.45 0.4 0.7 0 -1 1001 1734 1734 
36 -2.45 0.4 0.75 0 -1 1001 1761 1761 
37 -2.45 0.4 0.7 0 -1 1001 1734 1734 
38 -2.45 0.4 0.8 0 -1 1001 1788 1788 
39 -2.45 0.4 0.7 0 -1 1001 1734 1734 
40 -2.45 0.4 0.8 0 -1 1001 1788 1788 
41 -2.45 0.4 0.8 0 -1 1001 1788 1788 
42 -2.45 0.4 0.7 0 -1 1001 1734 1734 
43 -2.45 0.4 0.75 0 -1 1001 1761 1761 
44 -2.45 0.4 0.8 0 -1 1001 1788 1788 
45 -2.45 0.4 0.75 0 -1 1001 1761 1761 
46 -2.45 0.4 0.8 0 -1 1001 1788 1788 
47 -2.45 0.4 0.75 0 -1 1001 1761 1761 
48 -2.45 0.4 0.7 0 -1 1001 1734 1734 
49 -2.45 0.4 0.75 0 -1 1001 1761 1761 
50 -2.45 0.4 0.75 0 -1 1001 1761 1761 
51 -2.45 0.4 0.75 0 -1 1001 1761 1761 
52 -2.45 0.4 0.7 0 -1 1001 1734 1734 
53 -2.45 0.4 0.8 0 -1 1001 1788 1788 
54 -2.45 0.4 0.75 0 -1 1001 1761 1761 
55 -2.45 0.4 0.7 0 -1 1001 1734 1734 
56 -2.45 0.4 0.75 0 -1 1001 1761 1761 
57 -2.45 0.4 0.8 0 -1 1001 1788 1788 
58 -2.45 0.4 0.7 0 -1 1001 1734 1734 
59 -2.45 0.4 0.7 0 -1 1001 1734 1734 
60 -2.45 0.4 0.8 0 -1 1001 1788 1788 
61 -2.45 0.4 0.8 0 -1 1001 1788 1788 
62 -2.45 0.4 0.75 0 -1 1001 1761 1761 
63 -2.45 0.4 0.8 0 -1 1001 1788 1788 
64 -2.45 0.4 0.8 0 -1 1001 1788 1788 
65 -2.45 0.4 0.7 0 -1 1001 1734 1734 
66 -2.45 0.4 0.8 0 -1 1001 1788 1788 
67 -2.45 0.4 0.75 0 -1 1001 1761 1761 
68 -2.45 0.4 0.8 0 -1 1001 1788 1788 
69 -2.45 0.4 0.75 0 -1 1001 1761 1761 
70 -2.45 0.4 0.7 0 -1 1001 1734 1734 
71 -9.8 0.4 0.8 0 -1 1001 1395 1395 
72 -9.8 0.4 0.7 0 -1 1001 1368 1368 
73 -9.8 0.4 0.8 0 -1 1001 1395 1395 
74 -9.8 0.4 0.7 0 -1 1001 1368 1368 
75 -9.8 0.4 0.8 0 -1 1001 1395 1395 
76 -9.8 0.4 0.75 0 -1 1001 1381 1381 
77 -9.8 0.4 0.8 0 -1 1001 1395 1395 
78 -9.8 0.4 0.7 0 -1 1001 1368 1368 
79 -9.8 0.4 0.8 0 -1 1001 1395 1395 
80 -9.8 0.4 0.8 0 -1 1001 1395 1395 
