1 -9.8 0.4 0.8 0 -1 1001 1399 1399 
2 -9.8 0.4 0.75 0 -1 1001 1385 1385 
3 -9.8 0.4 0.8 0 -1 1001 1394 1394 
4 -9.8 0.4 0.8 0 -1 1001 1393 1393 
5 -9.8 0.4 0.75 0 -1 1001 1381 1381 
6 -9.8 0.4 0.7 0 -1 1001 1371 1371 
7 -9.8 0.4 0.7 0 -1 1001 1371 1371 
8 -9.8 0.4 0.8 0 -1 1001 1394 1394 
9 -9.8 0.4 0.75 0 -1 1001 1382 1382 
10 -9.8 0.4 0.8 0 -1 1001 1394 1394 
11 -2.45 0.4 0.75 0 -1 1001 1761 1761 
12 -2.45 0.4 0.8 0 -1 1001 1794 1794 
13 -2.45 0.4 0.7 0 -1 1001 1723 1723 
14 -2.45 0.4 0.7 0 -1 1001 1711 1711 
15 -2.45 0.4 0.8 0 -1 1001 1779 1779 
16 -2.45 0.4 0.7 0 -1 1001 1728 1728 
17 -2.45 0.4 0.8 0 -1 1001 1787 1787 
18 -2.45 0.4 0.75 0 -1 1001 1768 1768 
19 -2.45 0.4 0.7 0 -1 1001 1740 1740 
20 -2.45 0.4 0.7 0 -1 1001 1739 1739 
21 -2.45 0.4 0.7 0 -1 1001 1737 1737 
22 -2.45 0.4 0.7 0 -1 1001 1733 1733 
23 -2.45 0.4 0.8 0 -1 1001 1790 1790 
24 -2.45 0.4 0.8 0 -1 1001 1789 1789 
25 -2.45 0.4 0.7 0 -1 1001 1740 1740 
26 -2.45 0.4 0.8 0 -1 1001 1788 1788 
27 -2.45 0.4 0.8 0 -1 1001 1788 1788 
28 -2.45 0.4 0.8 0 -1 1001 1789 1789 
29 -2.45 0.4 0.75 0 -1 1001 1767 1767 
30 -2.45 0.4 0.7 0 -1 1001 1738 1738 
31 -2.45 0.4 0.7 0 -1 1001 1737 1737 
32 -2.45 0.4 0.8 0 -1 1001 1786 1786 
33 -2.45 0.4 0.7 0 -1 1001 1735 1735 
34 -2.45 0.4 0.7 0 -1 1001 1741 1741 
35 -2.45 0.4 0.7 0 -1 1001 1733 1733 
36 -2.45 0.4 0.75 0 -1 1001 1754 1754 
37 -2.45 0.4 0.7 0 -1 1001 1734 1734 
38 -2.45 0.4 0.8 0 -1 1001 1780 1780 
39 -2.45 0.4 0.7 0 -1 1001 1733 1733 
40 -2.45 0.4 0.8 0 -1 1001 1787 1787 
41 -2.45 0.4 0.8 0 -1 1001 1789 1789 
42 -2.45 0.4 0.7 0 -1 1001 1739 1739 
43 -2.45 0.4 0.75 0 -1 1001 1765 1765 
44 -2.45 0.4 0.8 0 -1 1001 1782 1782 
45 -2.45 0.4 0.75 0 -1 1001 1764 1764 
46 -2.45 0.4 0.8 0 -1 1001 1784 1784 
47 -2.45 0.4 0.75 0 -1 1001 1758 1758 
48 -2.45 0.4 0.7 0 -1 1001 1733 1733 
49 -2.45 0.4 0.75 0 -1 1001 1753 1753 
50 -2.45 0.4 0.75 0 -1 1001 1760 1760 
51 -2.45 0.4 0.75 0 -1 1001 1760 1760 
52 -2.45 0.4 0.7 0 -1 1001 1726 1726 
53 -2.45 0.4 0.8 0 -1 1001 1783 1783 
54 -2.45 0.4 0.75 0 -1 1001 1758 1758 
55 -2.45 0.4 0.7 0 -1 1001 1735 1735 
56 -2.45 0.4 0.75 0 -1 1001 1760 1760 
57 -2.45 0.4 0.8 0 -1 1001 1787 1787 
58 -2.45 0.4 0.7 0 -1 1001 1735 1735 
59 -2.45 0.4 0.7 0 -1 1001 1738 1738 
60 -2.45 0.4 0.8 0 -1 1001 1780 1780 
61 -2.45 0.4 0.8 0 -1 1001 1791 1791 
62 -2.45 0.4 0.75 0 -1 1001 1756 1756 
63 -2.45 0.4 0.8 0 -1 1001 1787 1787 
64 -2.45 0.4 0.8 0 -1 1001 1789 1789 
65 -2.45 0.4 0.7 0 -1 1001 1739 1739 
66 -2.45 0.4 0.8 0 -1 1001 1781 1781 
67 -2.45 0.4 0.75 0 -1 1001 1760 1760 
68 -2.45 0.4 0.8 0 -1 1001 1788 1788 
69 -2.45 0.4 0.75 0 -1 1001 1760 1760 
70 -2.45 0.4 0.7 0 -1 1001 1732 1732 
71 -9.8 0.4 0.8 0 -1 1001 1397 1397 
72 -9.8 0.4 0.7 0 -1 1001 1372 1372 
73 -9.8 0.4 0.8 0 -1 1001 1396 1396 
74 -9.8 0.4 0.7 0 -1 1001 1370 1370 
75 -9.8 0.4 0.8 0 -1 1001 1397 1397 
76 -9.8 0.4 0.75 0 -1 1001 1383 1383 
77 -9.8 0.4 0.8 0 -1 1001 1395 1395 
78 -9.8 0.4 0.7 0 -1 1001 1370 1370 
79 -9.8 0.4 0.8 0 -1 1001 1395 1395 
80 -9.8 0.4 0.8 0 -1 1001 1396 1396 
