1.000000e+00   -9.800000e+00   4.000000e-01   8.000000e-01   0.000000e-02   -10.000000e-01
2.000000e+00   -9.800000e+00   4.000000e-01   8.000000e-01   0.000000e-02   -10.000000e-01
3.000000e+00   -9.800000e+00   4.000000e-01   8.000000e-01   0.000000e-02   4.000000e-01
4.000000e+00   -9.800000e+00   4.000000e-01   8.000000e-01   0.000000e-02   4.000000e-01
5.000000e+00   -9.800000e+00   0.000000e-01   8.000000e-01   -0.500000e-02   -10.000000e-01
6.000000e+00   -9.800000e+00   0.000000e-01   8.000000e-01   -0.500000e-02   -10.000000e-01
7.000000e+00   -9.800000e+00   4.000000e-01   8.000000e-01   0.000000e-02   -10.000000e-01
8.000000e+00   -9.800000e+00   4.000000e-01   8.000000e-01   0.000000e-02   -10.000000e-01
9.000000e+00   -9.800000e+00   4.000000e-01   8.000000e-01   0.000000e-02   -10.000000e-01
10.000000e+00   -9.800000e+00   4.000000e-01   8.000000e-01   0.000000e-02   -10.000000e-01 
11.000000e+00   -9.800000e+00   4.000000e-01   8.000000e-01   0.000000e-02   -10.000000e-01
12.000000e+00   -9.800000e+00   4.000000e-01   8.000000e-01   0.000000e-02   -10.000000e-01
13.000000e+00   -9.800000e+00   4.000000e-01   8.000000e-01   0.000000e-02   4.000000e-01
14.000000e+00   -9.800000e+00   4.000000e-01   8.000000e-01   0.000000e-02   4.000000e-01
15.000000e+00   -9.800000e+00   0.000000e-01   8.000000e-01   -0.500000e-02   -10.000000e-01
16.000000e+00   -9.800000e+00   0.000000e-01   8.000000e-01   -0.500000e-02   -10.000000e-01
17.000000e+00   -9.800000e+00   4.000000e-01   8.000000e-01   0.000000e-02   -10.000000e-01
18.000000e+00   -9.800000e+00   4.000000e-01   8.000000e-01   0.000000e-02   -10.000000e-01
19.000000e+00   -9.800000e+00   4.000000e-01   8.000000e-01   0.000000e-02   -10.000000e-01
20.000000e+00   -9.800000e+00   4.000000e-01   8.000000e-01   0.000000e-02   -10.000000e-01
21.000000e+00   -9.800000e+00   4.000000e-01   8.000000e-01   0.000000e-02   -10.000000e-01
22.000000e+00   -9.800000e+00   4.000000e-01   8.000000e-01   0.000000e-02   -10.000000e-01
23.000000e+00   -9.800000e+00   4.000000e-01   8.000000e-01   0.000000e-02   4.000000e-01
24.000000e+00   -9.800000e+00   4.000000e-01   8.000000e-01   0.000000e-02   4.000000e-01
25.000000e+00   -9.800000e+00   0.000000e-01   8.000000e-01   -0.500000e-02   -10.000000e-01
26.000000e+00   -9.800000e+00   0.000000e-01   8.000000e-01   -0.500000e-02   -10.000000e-01
27.000000e+00   -9.800000e+00   4.000000e-01   8.000000e-01   0.000000e-02   -10.000000e-01
28.000000e+00   -9.800000e+00   4.000000e-01   8.000000e-01   0.000000e-02   -10.000000e-01
29.000000e+00   -9.800000e+00   4.000000e-01   8.000000e-01   0.000000e-02   -10.000000e-01
30.000000e+00   -9.800000e+00   4.000000e-01   8.000000e-01   0.000000e-02   -10.000000e-01
   
