1.000000e+00   -9.800000e+00   4.000000e-01   8.000000e-01   0.000000e-02   -10.000000e-01
2.000000e+00   -9.800000e+00   4.000000e-01   8.000000e-01   0.000000e-02   -10.000000e-01
3.000000e+00   -9.800000e+00   4.000000e-01   8.000000e-01   0.000000e-02   4.000000e-01
4.000000e+00   -9.800000e+00   4.000000e-01   8.000000e-01   0.000000e-02   4.000000e-01
5.000000e+00   -9.800000e+00   0.000000e-01   8.000000e-01   -0.500000e-02   -10.000000e-01
6.000000e+00   -9.800000e+00   0.000000e-01   8.000000e-01   -0.500000e-02   -10.000000e-01
7.000000e+00   -9.800000e+00   4.000000e-01   8.000000e-01   0.000000e-02   -10.000000e-01
8.000000e+00   -9.800000e+00   4.000000e-01   8.000000e-01   0.000000e-02   -10.000000e-01
9.000000e+00   -9.800000e+00   4.000000e-01   8.000000e-01   0.000000e-02   -10.000000e-01
10.000000e+00   -9.800000e+00   4.000000e-01   8.000000e-01   0.000000e-02   -10.000000e-01
