1.0e+00   -9.80e+00   8.0e-01   0.00e+00   0.00e-02   -10.00e-01
2.0e+00   -9.80e+00   5.0e-01   0.00e+00   0.00e-02   -10.00e-01
3.0e+00   -9.80e+00   9.0e-01   0.00e+00   0.00e-02   -10.00e-01
4.0e+00   -9.80e+00   5.0e-01   0.00e+00   0.00e-02   -10.00e-01
5.0e+00   -9.80e+00   5.0e-01   0.00e+00   0.00e-02   -10.00e-01
6.0e+00   -9.80e+00   1.0e-01   0.00e+00   0.00e-02   -10.00e-01
7.0e+00   -9.80e+00   4.0e-01   0.00e+00   0.00e-02   -10.00e-01
8.0e+00   -9.80e+00   5.0e-01   0.00e+00   0.00e-02   -10.00e-01
9.0e+00   -9.80e+00   5.0e-01   0.00e+00   0.00e-02   -10.00e-01
10.0e+00   -9.80e+00   9.0e-01   0.00e+00   0.00e-02   -10.00e-01
11.0e+00   -9.80e+00   5.0e-01   0.00e+00   0.00e-02   -10.00e-01
12.0e+00   -9.80e+00   9.0e-01   0.00e+00   0.00e-02   -10.00e-01
13.0e+00   -9.80e+00   5.0e-01   0.00e+00   0.00e-02   -10.00e-01
14.0e+00   -9.80e+00   5.0e-01   0.00e+00   0.00e-02   -10.00e-01
15.0e+00   -9.80e+00   5.0e-01   0.00e+00   0.00e-02   -10.00e-01
16.0e+00   -9.80e+00   5.0e-01   0.00e+00   0.00e-02   -10.00e-01
17.0e+00   -9.80e+00   5.0e-01   0.00e+00   0.00e-02   -10.00e-01
18.0e+00   -9.80e+00   9.0e-01   0.00e+00   0.00e-02   -10.00e-01
19.0e+00   -9.80e+00   5.0e-01   0.00e+00   0.00e-02   -10.00e-01
20.0e+00   -9.80e+00   5.0e-01   0.00e+00   0.00e-02   -10.00e-01
21.0e+00   -9.80e+00   5.0e-01   0.00e+00   0.00e-02   -10.00e-01
22.0e+00   -9.80e+00   9.0e-01   0.00e+00   0.00e-02   -10.00e-01
23.0e+00   -9.80e+00   5.0e-01   0.00e+00   0.00e-02   -10.00e-01
24.0e+00   -9.80e+00   6.0e-01   0.00e+00   0.00e-02   -10.00e-01
25.0e+00   -9.80e+00   9.0e-01   0.00e+00   0.00e-02   -10.00e-01
26.0e+00   -9.80e+00   5.0e-01   0.00e+00   0.00e-02   -10.00e-01
27.0e+00   -9.80e+00   5.0e-01   0.00e+00   0.00e-02   -10.00e-01
28.0e+00   -9.80e+00   8.0e-01   0.00e+00   0.00e-02   -10.00e-01
29.0e+00   -9.80e+00   8.0e-01   0.00e+00   0.00e-02   -10.00e-01
30.0e+00   -9.80e+00   5.0e-01   0.00e+00   0.00e-02   -10.00e-01
31.0e+00   -9.80e+00   5.0e-01   0.00e+00   0.00e-02   -10.00e-01
32.0e+00   -9.80e+00   4.0e-01   0.00e+00   0.00e-02   -10.00e-01
33.0e+00   -9.80e+00   4.0e-01   0.00e+00   0.00e-02   -10.00e-01
34.0e+00   -9.80e+00   5.0e-01   0.00e+00   0.00e-02   -10.00e-01
35.0e+00   -9.80e+00   4.0e-01   0.00e+00   0.00e-02   -10.00e-01
36.0e+00   -9.80e+00   5.0e-01   0.00e+00   0.00e-02   -10.00e-01
37.0e+00   -9.80e+00   5.0e-01   0.00e+00   0.00e-02   -10.00e-01
38.0e+00   -9.80e+00   6.0e-01   0.00e+00   0.00e-02   -10.00e-01
39.0e+00   -9.80e+00   5.0e-01   0.00e+00   0.00e-02   -10.00e-01
40.0e+00   -9.80e+00   4.0e-01   0.00e+00   0.00e-02   -10.00e-01
41.0e+00   -9.80e+00   5.0e-01   0.00e+00   0.00e-02   -10.00e-01
42.0e+00   -9.80e+00   6.0e-01   0.00e+00   0.00e-02   -10.00e-01
43.0e+00   -9.80e+00   5.0e-01   0.00e+00   0.00e-02   -10.00e-01
44.0e+00   -9.80e+00   5.0e-01   0.00e+00   0.00e-02   -10.00e-01
45.0e+00   -9.80e+00   5.0e-01   0.00e+00   0.00e-02   -10.00e-01
46.0e+00   -9.80e+00   4.0e-01   0.00e+00   0.00e-02   -10.00e-01
47.0e+00   -9.80e+00   2.0e-01   0.00e+00   0.00e-02   -10.00e-01
48.0e+00   -9.80e+00   5.0e-01   0.00e+00   0.00e-02   -10.00e-01
49.0e+00   -9.80e+00   4.0e-01   0.00e+00   0.00e-02   -10.00e-01
50.0e+00   -9.80e+00   5.0e-01   0.00e+00   0.00e-02   -10.00e-01
51.0e+00   -9.80e+00   5.0e-01   0.00e+00   0.00e-02   -10.00e-01
52.0e+00   -9.80e+00   5.0e-01   0.00e+00   0.00e-02   -10.00e-01
53.0e+00   -9.80e+00   5.0e-01   0.00e+00   0.00e-02   -10.00e-01
54.0e+00   -9.80e+00   5.0e-01   0.00e+00   0.00e-02   -10.00e-01
55.0e+00   -9.80e+00   5.0e-01   0.00e+00   0.00e-02   -10.00e-01
56.0e+00   -9.80e+00   9.0e-01   0.00e+00   0.00e-02   -10.00e-01
57.0e+00   -9.80e+00   6.0e-01   0.00e+00   0.00e-02   -10.00e-01
58.0e+00   -9.80e+00   5.0e-01   0.00e+00   0.00e-02   -10.00e-01
59.0e+00   -9.80e+00   5.0e-01   0.00e+00   0.00e-02   -10.00e-01
60.0e+00   -9.80e+00   6.0e-01   0.00e+00   0.00e-02   -10.00e-01
61.0e+00   -9.80e+00   5.0e-01   0.00e+00   0.00e-02   -10.00e-01
62.0e+00   -9.80e+00   4.0e-01   0.00e+00   0.00e-02   -10.00e-01
63.0e+00   -9.80e+00   5.0e-01   0.00e+00   0.00e-02   -10.00e-01
64.0e+00   -9.80e+00   4.0e-01   0.00e+00   0.00e-02   -10.00e-01
65.0e+00   -9.80e+00   5.0e-01   0.00e+00   0.00e-02   -10.00e-01
66.0e+00   -9.80e+00   5.0e-01   0.00e+00   0.00e-02   -10.00e-01
67.0e+00   -9.80e+00   1.0e-01   0.00e+00   0.00e-02   -10.00e-01
68.0e+00   -9.80e+00   5.0e-01   0.00e+00   0.00e-02   -10.00e-01
69.0e+00   -9.80e+00   1.0e-01   0.00e+00   0.00e-02   -10.00e-01
70.0e+00   -9.80e+00   5.0e-01   0.00e+00   0.00e-02   -10.00e-01
71.0e+00   -9.80e+00   5.0e-01   0.00e+00   0.00e-02   -10.00e-01
72.0e+00   -9.80e+00   6.0e-01   0.00e+00   0.00e-02   -10.00e-01
73.0e+00   -9.80e+00   5.0e-01   0.00e+00   0.00e-02   -10.00e-01
74.0e+00   -9.80e+00   5.0e-01   0.00e+00   0.00e-02   -10.00e-01
75.0e+00   -9.80e+00   6.0e-01   0.00e+00   0.00e-02   -10.00e-01
76.0e+00   -9.80e+00   5.0e-01   0.00e+00   0.00e-02   -10.00e-01
77.0e+00   -9.80e+00   5.0e-01   0.00e+00   0.00e-02   -10.00e-01
78.0e+00   -9.80e+00   5.0e-01   0.00e+00   0.00e-02   -10.00e-01
79.0e+00   -9.80e+00   8.0e-01   0.00e+00   0.00e-02   -10.00e-01
80.0e+00   -9.80e+00   5.0e-01   0.00e+00   0.00e-02   -10.00e-01
81.0e+00   -9.80e+00   1.0e-01   0.00e+00   0.00e-02   -10.00e-01
82.0e+00   -9.80e+00   5.0e-01   0.00e+00   0.00e-02   -10.00e-01
83.0e+00   -9.80e+00   5.0e-01   0.00e+00   0.00e-02   -10.00e-01
84.0e+00   -9.80e+00   4.0e-01   0.00e+00   0.00e-02   -10.00e-01
85.0e+00   -9.80e+00   5.0e-01   0.00e+00   0.00e-02   -10.00e-01
86.0e+00   -9.80e+00   5.0e-01   0.00e+00   0.00e-02   -10.00e-01
87.0e+00   -9.80e+00   6.0e-01   0.00e+00   0.00e-02   -10.00e-01
88.0e+00   -9.80e+00   5.0e-01   0.00e+00   0.00e-02   -10.00e-01
89.0e+00   -9.80e+00   2.0e-01   0.00e+00   0.00e-02   -10.00e-01
90.0e+00   -9.80e+00   5.0e-01   0.00e+00   0.00e-02   -10.00e-01
91.0e+00   -9.80e+00   2.0e-01   0.00e+00   0.00e-02   -10.00e-01
92.0e+00   -9.80e+00   5.0e-01   0.00e+00   0.00e-02   -10.00e-01
93.0e+00   -9.80e+00   5.0e-01   0.00e+00   0.00e-02   -10.00e-01
94.0e+00   -9.80e+00   8.0e-01   0.00e+00   0.00e-02   -10.00e-01
95.0e+00   -9.80e+00   6.0e-01   0.00e+00   0.00e-02   -10.00e-01
96.0e+00   -9.80e+00   5.0e-01   0.00e+00   0.00e-02   -10.00e-01
97.0e+00   -9.80e+00   1.0e-01   0.00e+00   0.00e-02   -10.00e-01
98.0e+00   -9.80e+00   5.0e-01   0.00e+00   0.00e-02   -10.00e-01
99.0e+00   -9.80e+00   5.0e-01   0.00e+00   0.00e-02   -10.00e-01
100.0e+00   -9.80e+00   8.0e-01   0.00e+00   0.00e-02   -10.00e-01
101.0e+00   -9.80e+00   2.0e-01   0.00e+00   0.00e-02   -10.00e-01
102.0e+00   -9.80e+00   5.0e-01   0.00e+00   0.00e-02   -10.00e-01
103.0e+00   -9.80e+00   5.0e-01   0.00e+00   0.00e-02   -10.00e-01
104.0e+00   -9.80e+00   1.0e-01   0.00e+00   0.00e-02   -10.00e-01
105.0e+00   -9.80e+00   1.0e-01   0.00e+00   0.00e-02   -10.00e-01
106.0e+00   -9.80e+00   5.0e-01   0.00e+00   0.00e-02   -10.00e-01
107.0e+00   -9.80e+00   5.0e-01   0.00e+00   0.00e-02   -10.00e-01
108.0e+00   -9.80e+00   9.0e-01   0.00e+00   0.00e-02   -10.00e-01
109.0e+00   -9.80e+00   5.0e-01   0.00e+00   0.00e-02   -10.00e-01
110.0e+00   -9.80e+00   9.0e-01   0.00e+00   0.00e-02   -10.00e-01
111.0e+00   -9.80e+00   6.0e-01   0.00e+00   0.00e-02   -10.00e-01
112.0e+00   -9.80e+00   5.0e-01   0.00e+00   0.00e-02   -10.00e-01
113.0e+00   -9.80e+00   2.0e-01   0.00e+00   0.00e-02   -10.00e-01
114.0e+00   -9.80e+00   5.0e-01   0.00e+00   0.00e-02   -10.00e-01
115.0e+00   -9.80e+00   5.0e-01   0.00e+00   0.00e-02   -10.00e-01
116.0e+00   -9.80e+00   9.0e-01   0.00e+00   0.00e-02   -10.00e-01
117.0e+00   -9.80e+00   1.0e-01   0.00e+00   0.00e-02   -10.00e-01
118.0e+00   -9.80e+00   5.0e-01   0.00e+00   0.00e-02   -10.00e-01
119.0e+00   -9.80e+00   5.0e-01   0.00e+00   0.00e-02   -10.00e-01
120.0e+00   -9.80e+00   8.0e-01   0.00e+00   0.00e-02   -10.00e-01
121.0e+00   -9.80e+00   2.0e-01   0.00e+00   0.00e-02   -10.00e-01
122.0e+00   -9.80e+00   5.0e-01   0.00e+00   0.00e-02   -10.00e-01
123.0e+00   -9.80e+00   1.0e-01   0.00e+00   0.00e-02   -10.00e-01
124.0e+00   -9.80e+00   5.0e-01   0.00e+00   0.00e-02   -10.00e-01
125.0e+00   -9.80e+00   5.0e-01   0.00e+00   0.00e-02   -10.00e-01
126.0e+00   -9.80e+00   8.0e-01   0.00e+00   0.00e-02   -10.00e-01
127.0e+00   -9.80e+00   8.0e-01   0.00e+00   0.00e-02   -10.00e-01
128.0e+00   -9.80e+00   5.0e-01   0.00e+00   0.00e-02   -10.00e-01
129.0e+00   -9.80e+00   5.0e-01   0.00e+00   0.00e-02   -10.00e-01
130.0e+00   -9.80e+00   2.0e-01   0.00e+00   0.00e-02   -10.00e-01
131.0e+00   -9.80e+00   2.0e-01   0.00e+00   0.00e-02   -10.00e-01
132.0e+00   -9.80e+00   5.0e-01   0.00e+00   0.00e-02   -10.00e-01
133.0e+00   -9.80e+00   5.0e-01   0.00e+00   0.00e-02   -10.00e-01
134.0e+00   -9.80e+00   2.0e-01   0.00e+00   0.00e-02   -10.00e-01
135.0e+00   -9.80e+00   1.0e-01   0.00e+00   0.00e-02   -10.00e-01
136.0e+00   -9.80e+00   5.0e-01   0.00e+00   0.00e-02   -10.00e-01
137.0e+00   -9.80e+00   5.0e-01   0.00e+00   0.00e-02   -10.00e-01
138.0e+00   -9.80e+00   8.0e-01   0.00e+00   0.00e-02   -10.00e-01
139.0e+00   -9.80e+00   2.0e-01   0.00e+00   0.00e-02   -10.00e-01
140.0e+00   -9.80e+00   5.0e-01   0.00e+00   0.00e-02   -10.00e-01
