1.000000e+00   -9.800000e+00   4.000000e-01   7.500000e-01   0.000000e-02   -10.000000e-01
2.000000e+00   -9.800000e+00   4.000000e-01   8.000000e-01   0.000000e-02   -10.000000e-01
3.000000e+00   -9.800000e+00   4.000000e-01   8.000000e-01   0.000000e-02   -10.000000e-01
4.000000e+00   -9.800000e+00   4.000000e-01   7.500000e-01   0.000000e-02   -10.000000e-01
5.000000e+00   -9.800000e+00   4.000000e-01   7.000000e-01   0.000000e-02   -10.000000e-01
6.000000e+00   -9.800000e+00   4.000000e-01   7.000000e-01   0.000000e-02   -10.000000e-01
7.000000e+00   -9.800000e+00   4.000000e-01   7.000000e-01   0.000000e-02   -10.000000e-01
8.000000e+00   -9.800000e+00   4.000000e-01   7.000000e-01   0.000000e-02   -10.000000e-01
9.000000e+00   -9.800000e+00   4.000000e-01   7.000000e-01   0.000000e-02   -10.000000e-01
10.000000e+00   -9.800000e+00   4.000000e-01   7.500000e-01   0.000000e-02   -10.000000e-01
11.000000e+00   -4.900000e+00   4.000000e-01   7.500000e-01   0.000000e-02   -10.000000e-01
12.000000e+00   -4.900000e+00   4.000000e-01   7.000000e-01   0.000000e-02   -10.000000e-01
13.000000e+00   -4.900000e+00   4.000000e-01   8.000000e-01   0.000000e-02   -10.000000e-01
14.000000e+00   -4.900000e+00   4.000000e-01   7.500000e-01   0.000000e-02   -10.000000e-01
15.000000e+00   -4.900000e+00   4.000000e-01   7.000000e-01   0.000000e-02   -10.000000e-01
16.000000e+00   -4.900000e+00   4.000000e-01   8.000000e-01   0.000000e-02   -10.000000e-01
17.000000e+00   -4.900000e+00   4.000000e-01   7.000000e-01   0.000000e-02   -10.000000e-01
18.000000e+00   -4.900000e+00   4.000000e-01   8.000000e-01   0.000000e-02   -10.000000e-01
19.000000e+00   -4.900000e+00   4.000000e-01   7.500000e-01   0.000000e-02   -10.000000e-01
20.000000e+00   -4.900000e+00   4.000000e-01   8.000000e-01   0.000000e-02   -10.000000e-01
21.000000e+00   -4.900000e+00   4.000000e-01   8.000000e-01   0.000000e-02   -10.000000e-01
22.000000e+00   -4.900000e+00   4.000000e-01   7.500000e-01   0.000000e-02   -10.000000e-01
23.000000e+00   -4.900000e+00   4.000000e-01   7.000000e-01   0.000000e-02   -10.000000e-01
24.000000e+00   -4.900000e+00   4.000000e-01   7.500000e-01   0.000000e-02   -10.000000e-01
25.000000e+00   -4.900000e+00   4.000000e-01   8.000000e-01   0.000000e-02   -10.000000e-01
26.000000e+00   -4.900000e+00   4.000000e-01   7.000000e-01   0.000000e-02   -10.000000e-01
27.000000e+00   -4.900000e+00   4.000000e-01   7.000000e-01   0.000000e-02   -10.000000e-01
28.000000e+00   -4.900000e+00   4.000000e-01   8.000000e-01   0.000000e-02   -10.000000e-01
29.000000e+00   -4.900000e+00   4.000000e-01   7.500000e-01   0.000000e-02   -10.000000e-01
30.000000e+00   -4.900000e+00   4.000000e-01   7.500000e-01   0.000000e-02   -10.000000e-01
31.000000e+00   -4.900000e+00   4.000000e-01   8.000000e-01   0.000000e-02   -10.000000e-01
32.000000e+00   -4.900000e+00   4.000000e-01   8.000000e-01   0.000000e-02   -10.000000e-01
33.000000e+00   -4.900000e+00   4.000000e-01   8.000000e-01   0.000000e-02   -10.000000e-01
34.000000e+00   -4.900000e+00   4.000000e-01   7.000000e-01   0.000000e-02   -10.000000e-01
35.000000e+00   -4.900000e+00   4.000000e-01   8.000000e-01   0.000000e-02   -10.000000e-01
36.000000e+00   -4.900000e+00   4.000000e-01   8.000000e-01   0.000000e-02   -10.000000e-01
37.000000e+00   -4.900000e+00   4.000000e-01   7.500000e-01   0.000000e-02   -10.000000e-01
38.000000e+00   -4.900000e+00   4.000000e-01   8.000000e-01   0.000000e-02   -10.000000e-01
39.000000e+00   -4.900000e+00   4.000000e-01   7.500000e-01   0.000000e-02   -10.000000e-01
40.000000e+00   -4.900000e+00   4.000000e-01   7.000000e-01   0.000000e-02   -10.000000e-01
41.000000e+00   -4.900000e+00   4.000000e-01   8.000000e-01   0.000000e-02   -10.000000e-01
42.000000e+00   -4.900000e+00   4.000000e-01   7.500000e-01   0.000000e-02   -10.000000e-01
43.000000e+00   -4.900000e+00   4.000000e-01   7.000000e-01   0.000000e-02   -10.000000e-01
44.000000e+00   -4.900000e+00   4.000000e-01   8.000000e-01   0.000000e-02   -10.000000e-01
45.000000e+00   -4.900000e+00   4.000000e-01   7.500000e-01   0.000000e-02   -10.000000e-01
46.000000e+00   -4.900000e+00   4.000000e-01   8.000000e-01   0.000000e-02   -10.000000e-01
47.000000e+00   -4.900000e+00   4.000000e-01   7.000000e-01   0.000000e-02   -10.000000e-01
48.000000e+00   -4.900000e+00   4.000000e-01   7.500000e-01   0.000000e-02   -10.000000e-01
49.000000e+00   -4.900000e+00   4.000000e-01   7.000000e-01   0.000000e-02   -10.000000e-01
50.000000e+00   -4.900000e+00   4.000000e-01   7.000000e-01   0.000000e-02   -10.000000e-01
51.000000e+00   -4.900000e+00   4.000000e-01   7.500000e-01   0.000000e-02   -10.000000e-01
52.000000e+00   -4.900000e+00   4.000000e-01   7.000000e-01   0.000000e-02   -10.000000e-01
53.000000e+00   -4.900000e+00   4.000000e-01   7.500000e-01   0.000000e-02   -10.000000e-01
54.000000e+00   -4.900000e+00   4.000000e-01   8.000000e-01   0.000000e-02   -10.000000e-01
55.000000e+00   -4.900000e+00   4.000000e-01   8.000000e-01   0.000000e-02   -10.000000e-01
56.000000e+00   -4.900000e+00   4.000000e-01   7.000000e-01   0.000000e-02   -10.000000e-01
57.000000e+00   -4.900000e+00   4.000000e-01   7.000000e-01   0.000000e-02   -10.000000e-01
58.000000e+00   -4.900000e+00   4.000000e-01   7.000000e-01   0.000000e-02   -10.000000e-01
59.000000e+00   -4.900000e+00   4.000000e-01   7.000000e-01   0.000000e-02   -10.000000e-01
60.000000e+00   -4.900000e+00   4.000000e-01   8.000000e-01   0.000000e-02   -10.000000e-01
61.000000e+00   -4.900000e+00   4.000000e-01   8.000000e-01   0.000000e-02   -10.000000e-01
62.000000e+00   -4.900000e+00   4.000000e-01   8.000000e-01   0.000000e-02   -10.000000e-01
63.000000e+00   -4.900000e+00   4.000000e-01   8.000000e-01   0.000000e-02   -10.000000e-01
64.000000e+00   -4.900000e+00   4.000000e-01   8.000000e-01   0.000000e-02   -10.000000e-01
65.000000e+00   -4.900000e+00   4.000000e-01   7.500000e-01   0.000000e-02   -10.000000e-01
66.000000e+00   -4.900000e+00   4.000000e-01   7.500000e-01   0.000000e-02   -10.000000e-01
67.000000e+00   -4.900000e+00   4.000000e-01   7.000000e-01   0.000000e-02   -10.000000e-01
68.000000e+00   -4.900000e+00   4.000000e-01   7.000000e-01   0.000000e-02   -10.000000e-01
69.000000e+00   -4.900000e+00   4.000000e-01   7.500000e-01   0.000000e-02   -10.000000e-01
70.000000e+00   -4.900000e+00   4.000000e-01   7.500000e-01   0.000000e-02   -10.000000e-01
71.000000e+00   -9.800000e+00   4.000000e-01   8.000000e-01   0.000000e-02   -10.000000e-01
72.000000e+00   -9.800000e+00   4.000000e-01   8.000000e-01   0.000000e-02   -10.000000e-01
73.000000e+00   -9.800000e+00   4.000000e-01   7.500000e-01   0.000000e-02   -10.000000e-01
74.000000e+00   -9.800000e+00   4.000000e-01   8.000000e-01   0.000000e-02   -10.000000e-01
75.000000e+00   -9.800000e+00   4.000000e-01   8.000000e-01   0.000000e-02   -10.000000e-01
76.000000e+00   -9.800000e+00   4.000000e-01   8.000000e-01   0.000000e-02   -10.000000e-01
77.000000e+00   -9.800000e+00   4.000000e-01   7.000000e-01   0.000000e-02   -10.000000e-01
78.000000e+00   -9.800000e+00   4.000000e-01   7.500000e-01   0.000000e-02   -10.000000e-01
79.000000e+00   -9.800000e+00   4.000000e-01   7.500000e-01   0.000000e-02   -10.000000e-01
80.000000e+00   -9.800000e+00   4.000000e-01   7.000000e-01   0.000000e-02   -10.000000e-01
