1.000000e+00   -9.800000e+00   4.000000e-01   8.000000e-01   0.000000e-02   -10.000000e-01
2.000000e+00   -9.800000e+00   4.000000e-01   8.000000e-01   0.000000e-02   -10.000000e-01
3.000000e+00   -9.800000e+00   4.000000e-01   7.500000e-01   0.000000e-02   -10.000000e-01
4.000000e+00   -9.800000e+00   4.000000e-01   7.500000e-01   0.000000e-02   -10.000000e-01
5.000000e+00   -9.800000e+00   4.000000e-01   8.000000e-01   0.000000e-02   -10.000000e-01
6.000000e+00   -9.800000e+00   4.000000e-01   7.500000e-01   0.000000e-02   -10.000000e-01
7.000000e+00   -9.800000e+00   4.000000e-01   7.000000e-01   0.000000e-02   -10.000000e-01
8.000000e+00   -9.800000e+00   4.000000e-01   7.000000e-01   0.000000e-02   -10.000000e-01
9.000000e+00   -9.800000e+00   4.000000e-01   7.500000e-01   0.000000e-02   -10.000000e-01
10.000000e+00   -9.800000e+00   4.000000e-01   8.000000e-01   0.000000e-02   -10.000000e-01
11.000000e+00   -9.800000e+00   4.000000e-01   8.000000e-01   0.000000e-02   -10.000000e-01
12.000000e+00   -9.800000e+00   4.000000e-01   8.000000e-01   0.000000e-02   -10.000000e-01
13.000000e+00   -9.800000e+00   4.000000e-01   7.500000e-01   0.000000e-02   -10.000000e-01
14.000000e+00   -9.800000e+00   4.000000e-01   7.000000e-01   0.000000e-02   -10.000000e-01
15.000000e+00   -9.800000e+00   4.000000e-01   7.500000e-01   0.000000e-02   -10.000000e-01
16.000000e+00   -9.800000e+00   4.000000e-01   8.000000e-01   0.000000e-02   -10.000000e-01
17.000000e+00   -9.800000e+00   4.000000e-01   7.500000e-01   0.000000e-02   -10.000000e-01
18.000000e+00   -9.800000e+00   4.000000e-01   8.000000e-01   0.000000e-02   -10.000000e-01
19.000000e+00   -9.800000e+00   4.000000e-01   7.000000e-01   0.000000e-02   -10.000000e-01
20.000000e+00   -9.800000e+00   4.000000e-01   7.000000e-01   0.000000e-02   -10.000000e-01
21.000000e+00   -9.800000e+00   4.000000e-01   7.000000e-01   0.000000e-02   -10.000000e-01
22.000000e+00   -9.800000e+00   4.000000e-01   7.000000e-01   0.000000e-02   -10.000000e-01
23.000000e+00   -9.800000e+00   4.000000e-01   8.000000e-01   0.000000e-02   -10.000000e-01
24.000000e+00   -9.800000e+00   4.000000e-01   7.000000e-01   0.000000e-02   -10.000000e-01
25.000000e+00   -9.800000e+00   4.000000e-01   7.500000e-01   0.000000e-02   -10.000000e-01
26.000000e+00   -9.800000e+00   4.000000e-01   7.500000e-01   0.000000e-02   -10.000000e-01
27.000000e+00   -9.800000e+00   4.000000e-01   7.000000e-01   0.000000e-02   -10.000000e-01
28.000000e+00   -9.800000e+00   4.000000e-01   8.000000e-01   0.000000e-02   -10.000000e-01
29.000000e+00   -9.800000e+00   4.000000e-01   8.000000e-01   0.000000e-02   -10.000000e-01
30.000000e+00   -9.800000e+00   4.000000e-01   8.000000e-01   0.000000e-02   -10.000000e-01
31.000000e+00   -9.800000e+00   4.000000e-01   8.000000e-01   0.000000e-02   -10.000000e-01
32.000000e+00   -9.800000e+00   4.000000e-01   7.000000e-01   0.000000e-02   -10.000000e-01
33.000000e+00   -9.800000e+00   4.000000e-01   8.000000e-01   0.000000e-02   -10.000000e-01
34.000000e+00   -9.800000e+00   4.000000e-01   7.000000e-01   0.000000e-02   -10.000000e-01
35.000000e+00   -9.800000e+00   4.000000e-01   7.000000e-01   0.000000e-02   -10.000000e-01
36.000000e+00   -9.800000e+00   4.000000e-01   7.500000e-01   0.000000e-02   -10.000000e-01
37.000000e+00   -9.800000e+00   4.000000e-01   8.000000e-01   0.000000e-02   -10.000000e-01
38.000000e+00   -9.800000e+00   4.000000e-01   7.500000e-01   0.000000e-02   -10.000000e-01
39.000000e+00   -9.800000e+00   4.000000e-01   7.500000e-01   0.000000e-02   -10.000000e-01
40.000000e+00   -9.800000e+00   4.000000e-01   7.000000e-01   0.000000e-02   -10.000000e-01
41.000000e+00   -9.800000e+00   4.000000e-01   8.000000e-01   0.000000e-02   -10.000000e-01
42.000000e+00   -9.800000e+00   4.000000e-01   7.000000e-01   0.000000e-02   -10.000000e-01
43.000000e+00   -9.800000e+00   4.000000e-01   8.000000e-01   0.000000e-02   -10.000000e-01
44.000000e+00   -9.800000e+00   4.000000e-01   7.000000e-01   0.000000e-02   -10.000000e-01
45.000000e+00   -9.800000e+00   4.000000e-01   7.000000e-01   0.000000e-02   -10.000000e-01
46.000000e+00   -9.800000e+00   4.000000e-01   8.000000e-01   0.000000e-02   -10.000000e-01
47.000000e+00   -9.800000e+00   4.000000e-01   7.000000e-01   0.000000e-02   -10.000000e-01
48.000000e+00   -9.800000e+00   4.000000e-01   7.500000e-01   0.000000e-02   -10.000000e-01
49.000000e+00   -9.800000e+00   4.000000e-01   8.000000e-01   0.000000e-02   -10.000000e-01
50.000000e+00   -9.800000e+00   4.000000e-01   7.500000e-01   0.000000e-02   -10.000000e-01
51.000000e+00   -9.800000e+00   4.000000e-01   8.000000e-01   0.000000e-02   -10.000000e-01
52.000000e+00   -9.800000e+00   4.000000e-01   8.000000e-01   0.000000e-02   -10.000000e-01
53.000000e+00   -9.800000e+00   4.000000e-01   7.500000e-01   0.000000e-02   -10.000000e-01
54.000000e+00   -9.800000e+00   4.000000e-01   7.000000e-01   0.000000e-02   -10.000000e-01
55.000000e+00   -9.800000e+00   4.000000e-01   7.000000e-01   0.000000e-02   -10.000000e-01
56.000000e+00   -9.800000e+00   4.000000e-01   7.500000e-01   0.000000e-02   -10.000000e-01
57.000000e+00   -9.800000e+00   4.000000e-01   8.000000e-01   0.000000e-02   -10.000000e-01
58.000000e+00   -9.800000e+00   4.000000e-01   7.000000e-01   0.000000e-02   -10.000000e-01
59.000000e+00   -9.800000e+00   4.000000e-01   7.500000e-01   0.000000e-02   -10.000000e-01
60.000000e+00   -9.800000e+00   4.000000e-01   7.500000e-01   0.000000e-02   -10.000000e-01
61.000000e+00   -9.800000e+00   4.000000e-01   7.500000e-01   0.000000e-02   -10.000000e-01
62.000000e+00   -9.800000e+00   4.000000e-01   8.000000e-01   0.000000e-02   -10.000000e-01
63.000000e+00   -9.800000e+00   4.000000e-01   8.000000e-01   0.000000e-02   -10.000000e-01
64.000000e+00   -9.800000e+00   4.000000e-01   7.000000e-01   0.000000e-02   -10.000000e-01
65.000000e+00   -9.800000e+00   4.000000e-01   7.000000e-01   0.000000e-02   -10.000000e-01
66.000000e+00   -9.800000e+00   4.000000e-01   7.500000e-01   0.000000e-02   -10.000000e-01
67.000000e+00   -9.800000e+00   4.000000e-01   7.500000e-01   0.000000e-02   -10.000000e-01
68.000000e+00   -9.800000e+00   4.000000e-01   8.000000e-01   0.000000e-02   -10.000000e-01
69.000000e+00   -9.800000e+00   4.000000e-01   7.500000e-01   0.000000e-02   -10.000000e-01
70.000000e+00   -9.800000e+00   4.000000e-01   7.500000e-01   0.000000e-02   -10.000000e-01
71.000000e+00   -9.800000e+00   4.000000e-01   8.000000e-01   0.000000e-02   -10.000000e-01
72.000000e+00   -9.800000e+00   4.000000e-01   7.000000e-01   0.000000e-02   -10.000000e-01
73.000000e+00   -9.800000e+00   4.000000e-01   8.000000e-01   0.000000e-02   -10.000000e-01
74.000000e+00   -9.800000e+00   4.000000e-01   7.000000e-01   0.000000e-02   -10.000000e-01
75.000000e+00   -9.800000e+00   4.000000e-01   7.500000e-01   0.000000e-02   -10.000000e-01
76.000000e+00   -9.800000e+00   4.000000e-01   8.000000e-01   0.000000e-02   -10.000000e-01
77.000000e+00   -9.800000e+00   4.000000e-01   7.000000e-01   0.000000e-02   -10.000000e-01
78.000000e+00   -9.800000e+00   4.000000e-01   7.000000e-01   0.000000e-02   -10.000000e-01
79.000000e+00   -9.800000e+00   4.000000e-01   7.000000e-01   0.000000e-02   -10.000000e-01
80.000000e+00   -9.800000e+00   4.000000e-01   8.000000e-01   0.000000e-02   -10.000000e-01
81.000000e+00   -9.800000e+00   4.000000e-01   7.000000e-01   0.000000e-02   -10.000000e-01
82.000000e+00   -9.800000e+00   4.000000e-01   8.000000e-01   0.000000e-02   -10.000000e-01
83.000000e+00   -9.800000e+00   4.000000e-01   7.000000e-01   0.000000e-02   -10.000000e-01
84.000000e+00   -9.800000e+00   4.000000e-01   7.500000e-01   0.000000e-02   -10.000000e-01
85.000000e+00   -9.800000e+00   4.000000e-01   7.000000e-01   0.000000e-02   -10.000000e-01
86.000000e+00   -9.800000e+00   4.000000e-01   8.000000e-01   0.000000e-02   -10.000000e-01
87.000000e+00   -9.800000e+00   4.000000e-01   7.500000e-01   0.000000e-02   -10.000000e-01
88.000000e+00   -9.800000e+00   4.000000e-01   8.000000e-01   0.000000e-02   -10.000000e-01
89.000000e+00   -9.800000e+00   4.000000e-01   8.000000e-01   0.000000e-02   -10.000000e-01
90.000000e+00   -9.800000e+00   4.000000e-01   7.500000e-01   0.000000e-02   -10.000000e-01
91.000000e+00   -9.800000e+00   4.000000e-01   7.000000e-01   0.000000e-02   -10.000000e-01
92.000000e+00   -9.800000e+00   4.000000e-01   7.000000e-01   0.000000e-02   -10.000000e-01
93.000000e+00   -9.800000e+00   4.000000e-01   8.000000e-01   0.000000e-02   -10.000000e-01
94.000000e+00   -9.800000e+00   4.000000e-01   7.500000e-01   0.000000e-02   -10.000000e-01
95.000000e+00   -9.800000e+00   4.000000e-01   8.000000e-01   0.000000e-02   -10.000000e-01
96.000000e+00   -9.800000e+00   4.000000e-01   7.500000e-01   0.000000e-02   -10.000000e-01
97.000000e+00   -9.800000e+00   4.000000e-01   8.000000e-01   0.000000e-02   -10.000000e-01
98.000000e+00   -9.800000e+00   4.000000e-01   7.000000e-01   0.000000e-02   -10.000000e-01
99.000000e+00   -9.800000e+00   4.000000e-01   7.000000e-01   0.000000e-02   -10.000000e-01
100.000000e+00   -9.800000e+00   4.000000e-01   8.000000e-01   0.000000e-02   -10.000000e-01
101.000000e+00   -9.800000e+00   4.000000e-01   7.000000e-01   0.000000e-02   -10.000000e-01
102.000000e+00   -9.800000e+00   4.000000e-01   8.000000e-01   0.000000e-02   -10.000000e-01
103.000000e+00   -9.800000e+00   4.000000e-01   7.500000e-01   0.000000e-02   -10.000000e-01
104.000000e+00   -9.800000e+00   4.000000e-01   7.000000e-01   0.000000e-02   -10.000000e-01
105.000000e+00   -9.800000e+00   4.000000e-01   7.000000e-01   0.000000e-02   -10.000000e-01
106.000000e+00   -9.800000e+00   4.000000e-01   7.000000e-01   0.000000e-02   -10.000000e-01
107.000000e+00   -9.800000e+00   4.000000e-01   7.000000e-01   0.000000e-02   -10.000000e-01
108.000000e+00   -9.800000e+00   4.000000e-01   8.000000e-01   0.000000e-02   -10.000000e-01
109.000000e+00   -9.800000e+00   4.000000e-01   8.000000e-01   0.000000e-02   -10.000000e-01
110.000000e+00   -9.800000e+00   4.000000e-01   7.000000e-01   0.000000e-02   -10.000000e-01
111.000000e+00   -9.800000e+00   4.000000e-01   8.000000e-01   0.000000e-02   -10.000000e-01
112.000000e+00   -9.800000e+00   4.000000e-01   8.000000e-01   0.000000e-02   -10.000000e-01
113.000000e+00   -9.800000e+00   4.000000e-01   8.000000e-01   0.000000e-02   -10.000000e-01
114.000000e+00   -9.800000e+00   4.000000e-01   7.500000e-01   0.000000e-02   -10.000000e-01
115.000000e+00   -9.800000e+00   4.000000e-01   7.000000e-01   0.000000e-02   -10.000000e-01
116.000000e+00   -9.800000e+00   4.000000e-01   7.000000e-01   0.000000e-02   -10.000000e-01
117.000000e+00   -9.800000e+00   4.000000e-01   8.000000e-01   0.000000e-02   -10.000000e-01
118.000000e+00   -9.800000e+00   4.000000e-01   7.000000e-01   0.000000e-02   -10.000000e-01
119.000000e+00   -9.800000e+00   4.000000e-01   7.000000e-01   0.000000e-02   -10.000000e-01
120.000000e+00   -9.800000e+00   4.000000e-01   7.000000e-01   0.000000e-02   -10.000000e-01
121.000000e+00   -9.800000e+00   4.000000e-01   7.500000e-01   0.000000e-02   -10.000000e-01
122.000000e+00   -9.800000e+00   4.000000e-01   7.000000e-01   0.000000e-02   -10.000000e-01
123.000000e+00   -9.800000e+00   4.000000e-01   8.000000e-01   0.000000e-02   -10.000000e-01
124.000000e+00   -9.800000e+00   4.000000e-01   7.000000e-01   0.000000e-02   -10.000000e-01
125.000000e+00   -9.800000e+00   4.000000e-01   8.000000e-01   0.000000e-02   -10.000000e-01
126.000000e+00   -9.800000e+00   4.000000e-01   8.000000e-01   0.000000e-02   -10.000000e-01
127.000000e+00   -9.800000e+00   4.000000e-01   7.000000e-01   0.000000e-02   -10.000000e-01
128.000000e+00   -9.800000e+00   4.000000e-01   7.500000e-01   0.000000e-02   -10.000000e-01
129.000000e+00   -9.800000e+00   4.000000e-01   8.000000e-01   0.000000e-02   -10.000000e-01
130.000000e+00   -9.800000e+00   4.000000e-01   7.500000e-01   0.000000e-02   -10.000000e-01
131.000000e+00   -9.800000e+00   4.000000e-01   8.000000e-01   0.000000e-02   -10.000000e-01
132.000000e+00   -9.800000e+00   4.000000e-01   7.500000e-01   0.000000e-02   -10.000000e-01
133.000000e+00   -9.800000e+00   4.000000e-01   7.000000e-01   0.000000e-02   -10.000000e-01
134.000000e+00   -9.800000e+00   4.000000e-01   7.500000e-01   0.000000e-02   -10.000000e-01
135.000000e+00   -9.800000e+00   4.000000e-01   7.500000e-01   0.000000e-02   -10.000000e-01
136.000000e+00   -9.800000e+00   4.000000e-01   7.500000e-01   0.000000e-02   -10.000000e-01
137.000000e+00   -9.800000e+00   4.000000e-01   7.000000e-01   0.000000e-02   -10.000000e-01
138.000000e+00   -9.800000e+00   4.000000e-01   8.000000e-01   0.000000e-02   -10.000000e-01
139.000000e+00   -9.800000e+00   4.000000e-01   7.500000e-01   0.000000e-02   -10.000000e-01
140.000000e+00   -9.800000e+00   4.000000e-01   7.000000e-01   0.000000e-02   -10.000000e-01
141.000000e+00   -9.800000e+00   4.000000e-01   7.500000e-01   0.000000e-02   -10.000000e-01
142.000000e+00   -9.800000e+00   4.000000e-01   8.000000e-01   0.000000e-02   -10.000000e-01
143.000000e+00   -9.800000e+00   4.000000e-01   7.000000e-01   0.000000e-02   -10.000000e-01
144.000000e+00   -9.800000e+00   4.000000e-01   7.000000e-01   0.000000e-02   -10.000000e-01
145.000000e+00   -9.800000e+00   4.000000e-01   8.000000e-01   0.000000e-02   -10.000000e-01
146.000000e+00   -9.800000e+00   4.000000e-01   8.000000e-01   0.000000e-02   -10.000000e-01
147.000000e+00   -9.800000e+00   4.000000e-01   7.500000e-01   0.000000e-02   -10.000000e-01
148.000000e+00   -9.800000e+00   4.000000e-01   8.000000e-01   0.000000e-02   -10.000000e-01
149.000000e+00   -9.800000e+00   4.000000e-01   8.000000e-01   0.000000e-02   -10.000000e-01
150.000000e+00   -9.800000e+00   4.000000e-01   7.000000e-01   0.000000e-02   -10.000000e-01
151.000000e+00   -9.800000e+00   4.000000e-01   8.000000e-01   0.000000e-02   -10.000000e-01
152.000000e+00   -9.800000e+00   4.000000e-01   7.500000e-01   0.000000e-02   -10.000000e-01
153.000000e+00   -9.800000e+00   4.000000e-01   8.000000e-01   0.000000e-02   -10.000000e-01
154.000000e+00   -9.800000e+00   4.000000e-01   7.500000e-01   0.000000e-02   -10.000000e-01
155.000000e+00   -9.800000e+00   4.000000e-01   7.000000e-01   0.000000e-02   -10.000000e-01
156.000000e+00   -9.800000e+00   4.000000e-01   8.000000e-01   0.000000e-02   -10.000000e-01
157.000000e+00   -9.800000e+00   4.000000e-01   7.000000e-01   0.000000e-02   -10.000000e-01
158.000000e+00   -9.800000e+00   4.000000e-01   8.000000e-01   0.000000e-02   -10.000000e-01
159.000000e+00   -9.800000e+00   4.000000e-01   7.000000e-01   0.000000e-02   -10.000000e-01
160.000000e+00   -9.800000e+00   4.000000e-01   8.000000e-01   0.000000e-02   -10.000000e-01
161.000000e+00   -9.800000e+00   4.000000e-01   7.500000e-01   0.000000e-02   -10.000000e-01
162.000000e+00   -9.800000e+00   4.000000e-01   8.000000e-01   0.000000e-02   -10.000000e-01
163.000000e+00   -9.800000e+00   4.000000e-01   7.000000e-01   0.000000e-02   -10.000000e-01
164.000000e+00   -9.800000e+00   4.000000e-01   8.000000e-01   0.000000e-02   -10.000000e-01
165.000000e+00   -9.800000e+00   4.000000e-01   8.000000e-01   0.000000e-02   -10.000000e-01
166.000000e+00   -9.800000e+00   4.000000e-01   7.000000e-01   0.000000e-02   -10.000000e-01
167.000000e+00   -9.800000e+00   4.000000e-01   7.500000e-01   0.000000e-02   -10.000000e-01
168.000000e+00   -9.800000e+00   4.000000e-01   7.000000e-01   0.000000e-02   -10.000000e-01
169.000000e+00   -9.800000e+00   4.000000e-01   8.000000e-01   0.000000e-02   -10.000000e-01
170.000000e+00   -9.800000e+00   4.000000e-01   8.000000e-01   0.000000e-02   -10.000000e-01
171.000000e+00   -9.800000e+00   4.000000e-01   7.500000e-01   0.000000e-02   -10.000000e-01
172.000000e+00   -9.800000e+00   4.000000e-01   8.000000e-01   0.000000e-02   -10.000000e-01
173.000000e+00   -9.800000e+00   4.000000e-01   8.000000e-01   0.000000e-02   -10.000000e-01
174.000000e+00   -9.800000e+00   4.000000e-01   7.500000e-01   0.000000e-02   -10.000000e-01
175.000000e+00   -9.800000e+00   4.000000e-01   7.000000e-01   0.000000e-02   -10.000000e-01
176.000000e+00   -9.800000e+00   4.000000e-01   7.000000e-01   0.000000e-02   -10.000000e-01
177.000000e+00   -9.800000e+00   4.000000e-01   7.000000e-01   0.000000e-02   -10.000000e-01
178.000000e+00   -9.800000e+00   4.000000e-01   7.000000e-01   0.000000e-02   -10.000000e-01
179.000000e+00   -9.800000e+00   4.000000e-01   7.000000e-01   0.000000e-02   -10.000000e-01
180.000000e+00   -9.800000e+00   4.000000e-01   7.500000e-01   0.000000e-02   -10.000000e-01
181.000000e+00   -9.800000e+00   4.000000e-01   7.500000e-01   0.000000e-02   -10.000000e-01
182.000000e+00   -9.800000e+00   4.000000e-01   7.000000e-01   0.000000e-02   -10.000000e-01
183.000000e+00   -9.800000e+00   4.000000e-01   8.000000e-01   0.000000e-02   -10.000000e-01
184.000000e+00   -9.800000e+00   4.000000e-01   7.500000e-01   0.000000e-02   -10.000000e-01
185.000000e+00   -9.800000e+00   4.000000e-01   7.000000e-01   0.000000e-02   -10.000000e-01
186.000000e+00   -9.800000e+00   4.000000e-01   8.000000e-01   0.000000e-02   -10.000000e-01
187.000000e+00   -9.800000e+00   4.000000e-01   7.000000e-01   0.000000e-02   -10.000000e-01
188.000000e+00   -9.800000e+00   4.000000e-01   8.000000e-01   0.000000e-02   -10.000000e-01
189.000000e+00   -9.800000e+00   4.000000e-01   7.500000e-01   0.000000e-02   -10.000000e-01
190.000000e+00   -9.800000e+00   4.000000e-01   8.000000e-01   0.000000e-02   -10.000000e-01
191.000000e+00   -9.800000e+00   4.000000e-01   8.000000e-01   0.000000e-02   -10.000000e-01
192.000000e+00   -9.800000e+00   4.000000e-01   7.500000e-01   0.000000e-02   -10.000000e-01
193.000000e+00   -9.800000e+00   4.000000e-01   7.000000e-01   0.000000e-02   -10.000000e-01
194.000000e+00   -9.800000e+00   4.000000e-01   7.500000e-01   0.000000e-02   -10.000000e-01
195.000000e+00   -9.800000e+00   4.000000e-01   8.000000e-01   0.000000e-02   -10.000000e-01
196.000000e+00   -9.800000e+00   4.000000e-01   7.000000e-01   0.000000e-02   -10.000000e-01
197.000000e+00   -9.800000e+00   4.000000e-01   7.000000e-01   0.000000e-02   -10.000000e-01
198.000000e+00   -9.800000e+00   4.000000e-01   8.000000e-01   0.000000e-02   -10.000000e-01
199.000000e+00   -9.800000e+00   4.000000e-01   7.500000e-01   0.000000e-02   -10.000000e-01
200.000000e+00   -9.800000e+00   4.000000e-01   7.500000e-01   0.000000e-02   -10.000000e-01
