1 -9.8 0.4 0.8 0 -1 1001 1396 1396 
2 -9.8 0.4 0.8 0 -1 1001 1391 1391 
3 -9.8 0.4 0.75 0 -1 1001 1384 1384 
4 -9.8 0.4 0.75 0 -1 1001 1384 1384 
5 -9.8 0.4 0.8 0 -1 1001 1397 1397 
6 -9.8 0.4 0.75 0 -1 1001 1384 1384 
7 -9.8 0.4 0.7 0 -1 1001 1371 1371 
8 -9.8 0.4 0.7 0 -1 1001 1371 1371 
9 -9.8 0.4 0.75 0 -1 1001 1384 1384 
10 -9.8 0.4 0.8 0 -1 1001 1397 1397 
11 -9.8 0.4 0.8 0 -1 1001 1397 1397 
12 -9.8 0.4 0.8 0 -1 1001 1397 1397 
13 -9.8 0.4 0.75 0 -1 1001 1384 1384 
14 -9.8 0.4 0.7 0 -1 1001 1371 1371 
15 -9.8 0.4 0.75 0 -1 1001 1384 1384 
16 -9.8 0.4 0.8 0 -1 1001 1397 1397 
17 -9.8 0.4 0.75 0 -1 1001 1384 1384 
18 -9.8 0.4 0.8 0 -1 1001 1397 1397 
19 -9.8 0.4 0.7 0 -1 1001 1371 1371 
20 -9.8 0.4 0.7 0 -1 1001 1371 1371 
21 -9.8 0.4 0.7 0 -1 1001 1371 1371 
22 -9.8 0.4 0.7 0 -1 1001 1371 1371 
23 -9.8 0.4 0.8 0 -1 1001 1397 1397 
24 -9.8 0.4 0.7 0 -1 1001 1371 1371 
25 -9.8 0.4 0.75 0 -1 1001 1384 1384 
26 -9.8 0.4 0.75 0 -1 1001 1384 1384 
27 -9.8 0.4 0.7 0 -1 1001 1371 1371 
28 -9.8 0.4 0.8 0 -1 1001 1397 1397 
29 -9.8 0.4 0.8 0 -1 1001 1397 1397 
30 -9.8 0.4 0.8 0 -1 1001 1397 1397 
31 -9.8 0.4 0.8 0 -1 1001 1397 1397 
32 -9.8 0.4 0.7 0 -1 1001 1371 1371 
33 -9.8 0.4 0.8 0 -1 1001 1397 1397 
34 -9.8 0.4 0.7 0 -1 1001 1371 1371 
35 -9.8 0.4 0.7 0 -1 1001 1371 1371 
36 -9.8 0.4 0.75 0 -1 1001 1384 1384 
37 -9.8 0.4 0.8 0 -1 1001 1397 1397 
38 -9.8 0.4 0.75 0 -1 1001 1384 1384 
39 -9.8 0.4 0.75 0 -1 1001 1384 1384 
40 -9.8 0.4 0.7 0 -1 1001 1371 1371 
41 -9.8 0.4 0.8 0 -1 1001 1397 1397 
42 -9.8 0.4 0.7 0 -1 1001 1371 1371 
43 -9.8 0.4 0.8 0 -1 1001 1397 1397 
44 -9.8 0.4 0.7 0 -1 1001 1371 1371 
45 -9.8 0.4 0.7 0 -1 1001 1371 1371 
46 -9.8 0.4 0.8 0 -1 1001 1397 1397 
47 -9.8 0.4 0.7 0 -1 1001 1371 1371 
48 -9.8 0.4 0.75 0 -1 1001 1384 1384 
49 -9.8 0.4 0.8 0 -1 1001 1397 1397 
50 -9.8 0.4 0.75 0 -1 1001 1384 1384 
51 -9.8 0.4 0.8 0 -1 1001 1397 1397 
52 -9.8 0.4 0.8 0 -1 1001 1397 1397 
53 -9.8 0.4 0.75 0 -1 1001 1384 1384 
54 -9.8 0.4 0.7 0 -1 1001 1371 1371 
55 -9.8 0.4 0.7 0 -1 1001 1371 1371 
56 -9.8 0.4 0.75 0 -1 1001 1384 1384 
57 -9.8 0.4 0.8 0 -1 1001 1397 1397 
58 -9.8 0.4 0.7 0 -1 1001 1371 1371 
59 -9.8 0.4 0.75 0 -1 1001 1384 1384 
60 -9.8 0.4 0.75 0 -1 1001 1384 1384 
61 -9.8 0.4 0.75 0 -1 1001 1384 1384 
62 -9.8 0.4 0.8 0 -1 1001 1397 1397 
63 -9.8 0.4 0.8 0 -1 1001 1397 1397 
64 -9.8 0.4 0.7 0 -1 1001 1371 1371 
65 -9.8 0.4 0.7 0 -1 1001 1371 1371 
66 -9.8 0.4 0.75 0 -1 1001 1384 1384 
67 -9.8 0.4 0.75 0 -1 1001 1384 1384 
68 -9.8 0.4 0.8 0 -1 1001 1397 1397 
69 -9.8 0.4 0.75 0 -1 1001 1384 1384 
70 -9.8 0.4 0.75 0 -1 1001 1384 1384 
71 -9.8 0.4 0.8 0 -1 1001 1397 1397 
72 -9.8 0.4 0.7 0 -1 1001 1371 1371 
73 -9.8 0.4 0.8 0 -1 1001 1397 1397 
74 -9.8 0.4 0.7 0 -1 1001 1371 1371 
75 -9.8 0.4 0.75 0 -1 1001 1384 1384 
76 -9.8 0.4 0.8 0 -1 1001 1397 1397 
77 -9.8 0.4 0.7 0 -1 1001 1371 1371 
78 -9.8 0.4 0.7 0 -1 1001 1371 1371 
79 -9.8 0.4 0.7 0 -1 1001 1371 1371 
80 -9.8 0.4 0.8 0 -1 1001 1397 1397 
81 -9.8 0.4 0.7 0 -1 1001 1371 1371 
82 -9.8 0.4 0.8 0 -1 1001 1397 1397 
83 -9.8 0.4 0.7 0 -1 1001 1371 1371 
84 -9.8 0.4 0.75 0 -1 1001 1384 1384 
85 -9.8 0.4 0.7 0 -1 1001 1371 1371 
86 -9.8 0.4 0.8 0 -1 1001 1397 1397 
87 -9.8 0.4 0.75 0 -1 1001 1384 1384 
88 -9.8 0.4 0.8 0 -1 1001 1397 1397 
89 -9.8 0.4 0.8 0 -1 1001 1397 1397 
90 -9.8 0.4 0.75 0 -1 1001 1384 1384 
91 -9.8 0.4 0.7 0 -1 1001 1371 1371 
92 -9.8 0.4 0.7 0 -1 1001 1371 1371 
93 -9.8 0.4 0.8 0 -1 1001 1397 1397 
94 -9.8 0.4 0.75 0 -1 1001 1384 1384 
95 -9.8 0.4 0.8 0 -1 1001 1397 1397 
96 -9.8 0.4 0.75 0 -1 1001 1384 1384 
97 -9.8 0.4 0.8 0 -1 1001 1397 1397 
98 -9.8 0.4 0.7 0 -1 1001 1371 1371 
99 -9.8 0.4 0.7 0 -1 1001 1371 1371 
100 -9.8 0.4 0.8 0 -1 1001 1397 1397 
