1 -9.8 0.4 0.8 0 -1 1001 1397 1397 
2 -9.8 0.4 0.8 0 -1 1001 1397 1397 
3 -9.8 0.4 0.75 0 -1 1001 1384 1384 
4 -9.8 0.4 0.75 0 -1 1001 1384 1384 
5 -9.8 0.4 0.8 0 -1 1001 1397 1397 
6 -9.8 0.4 0.75 0 -1 1001 1382 1382 
7 -9.8 0.4 0.7 0 -1 1001 1370 1370 
8 -9.8 0.4 0.7 0 -1 1001 1371 1371 
9 -9.8 0.4 0.75 0 -1 1001 1385 1385 
10 -9.8 0.4 0.8 0 -1 1001 1398 1398 
11 -9.8 0.4 0.8 0 -1 1001 1398 1398 
12 -9.8 0.4 0.8 0 -1 1001 1398 1398 
13 -9.8 0.4 0.75 0 -1 1001 1385 1385 
14 -9.8 0.4 0.7 0 -1 1001 1373 1373 
15 -9.8 0.4 0.75 0 -1 1001 1384 1384 
16 -9.8 0.4 0.8 0 -1 1001 1403 1403 
17 -9.8 0.4 0.75 0 -1 1001 1394 1394 
18 -9.8 0.4 0.8 0 -1 1001 1399 1399 
19 -9.8 0.4 0.7 0 -1 1001 1372 1372 
20 -9.8 0.4 0.7 0 -1 1001 1373 1373 
21 -9.8 0.4 0.7 0 -1 1001 1371 1371 
22 -9.8 0.4 0.7 0 -1 1001 1371 1371 
23 -9.8 0.4 0.8 0 -1 1001 1399 1399 
24 -9.8 0.4 0.7 0 -1 1001 1372 1372 
25 -9.8 0.4 0.75 0 -1 1001 1387 1387 
26 -9.8 0.4 0.75 0 -1 1001 1386 1386 
27 -9.8 0.4 0.7 0 -1 1001 1368 1368 
28 -9.8 0.4 0.8 0 -1 1001 1399 1399 
29 -9.8 0.4 0.8 0 -1 1001 1400 1400 
30 -9.8 0.4 0.8 0 -1 1001 1395 1395 
31 -9.8 0.4 0.8 0 -1 1001 1397 1397 
32 -9.8 0.4 0.7 0 -1 1001 1371 1371 
33 -9.8 0.4 0.8 0 -1 1001 1397 1397 
34 -9.8 0.4 0.7 0 -1 1001 1370 1370 
35 -9.8 0.4 0.7 0 -1 1001 1371 1371 
36 -9.8 0.4 0.75 0 -1 1001 1380 1380 
37 -9.8 0.4 0.8 0 -1 1001 1397 1397 
38 -9.8 0.4 0.75 0 -1 1001 1384 1384 
39 -9.8 0.4 0.75 0 -1 1001 1385 1385 
40 -9.8 0.4 0.7 0 -1 1001 1371 1371 
41 -9.8 0.4 0.8 0 -1 1001 1397 1397 
42 -9.8 0.4 0.7 0 -1 1001 1370 1370 
43 -9.8 0.4 0.8 0 -1 1001 1397 1397 
44 -9.8 0.4 0.7 0 -1 1001 1371 1371 
45 -9.8 0.4 0.7 0 -1 1001 1371 1371 
46 -9.8 0.4 0.8 0 -1 1001 1398 1398 
47 -9.8 0.4 0.7 0 -1 1001 1371 1371 
48 -9.8 0.4 0.75 0 -1 1001 1385 1385 
49 -9.8 0.4 0.8 0 -1 1001 1397 1397 
50 -9.8 0.4 0.75 0 -1 1001 1385 1385 
