1 -9.8 0.4 0.8 0 -1 1001 1395 1395 
2 -9.8 0.4 0.8 0 -1 1001 1399 1399 
3 -9.8 0.4 0.75 0 -1 1001 1383 1383 
4 -9.8 0.4 0.75 0 -1 1001 1384 1384 
5 -9.8 0.4 0.8 0 -1 1001 1395 1395 
6 -9.8 0.4 0.75 0 -1 1001 1384 1384 
7 -9.8 0.4 0.7 0 -1 1001 1369 1369 
8 -9.8 0.4 0.7 0 -1 1001 1371 1371 
9 -9.8 0.4 0.75 0 -1 1001 1383 1383 
10 -9.8 0.4 0.8 0 -1 1001 1396 1396 
11 -9.8 0.4 0.8 0 -1 1001 1396 1396 
12 -9.8 0.4 0.8 0 -1 1001 1397 1397 
13 -9.8 0.4 0.75 0 -1 1001 1383 1383 
14 -9.8 0.4 0.7 0 -1 1001 1370 1370 
15 -9.8 0.4 0.75 0 -1 1001 1384 1384 
16 -9.8 0.4 0.8 0 -1 1001 1397 1397 
17 -9.8 0.4 0.75 0 -1 1001 1384 1384 
18 -9.8 0.4 0.8 0 -1 1001 1397 1397 
19 -9.8 0.4 0.7 0 -1 1001 1370 1370 
20 -9.8 0.4 0.7 0 -1 1001 1370 1370 
21 -9.8 0.4 0.7 0 -1 1001 1370 1370 
22 -9.8 0.4 0.7 0 -1 1001 1369 1369 
23 -9.8 0.4 0.8 0 -1 1001 1397 1397 
24 -9.8 0.4 0.7 0 -1 1001 1371 1371 
