1 -9.8 0.4 0.8 0 -1 1001 1392 1392 
2 -9.8 0.4 0.8 0 -1 1001 1398 1398 
3 -9.8 0.4 0.75 0 -1 1001 1378 1378 
4 -9.8 0.4 0.75 0 -1 1001 1382 1382 
5 -9.8 0.4 0.8 0 -1 1001 1397 1397 
6 -9.8 0.4 0.75 0 -1 1001 1383 1383 
7 -9.8 0.4 0.7 0 -1 1001 1371 1371 
8 -9.8 0.4 0.7 0 -1 1001 1370 1370 
9 -9.8 0.4 0.75 0 -1 1001 1382 1382 
10 -9.8 0.4 0.8 0 -1 1001 1397 1397 
11 -9.8 0.4 0.8 0 -1 1001 1397 1397 
12 -9.8 0.4 0.8 0 -1 1001 1394 1394 
13 -9.8 0.4 0.75 0 -1 1001 1385 1385 
14 -9.8 0.4 0.7 0 -1 1001 1366 1366 
15 -9.8 0.4 0.75 0 -1 1001 1384 1384 
16 -9.8 0.4 0.8 0 -1 1001 1395 1395 
17 -9.8 0.4 0.75 0 -1 1001 1383 1383 
18 -9.8 0.4 0.8 0 -1 1001 1393 1393 
19 -9.8 0.4 0.7 0 -1 1001 1371 1371 
20 -9.8 0.4 0.7 0 -1 1001 1370 1370 
21 -9.8 0.4 0.7 0 -1 1001 1370 1370 
22 -9.8 0.4 0.7 0 -1 1001 1369 1369 
23 -9.8 0.4 0.8 0 -1 1001 1397 1397 
24 -9.8 0.4 0.7 0 -1 1001 1371 1371 
25 -9.8 0.4 0.75 0 -1 1001 1381 1381 
26 -9.8 0.4 0.75 0 -1 1001 1384 1384 
27 -9.8 0.4 0.7 0 -1 1001 1371 1371 
28 -9.8 0.4 0.8 0 -1 1001 1398 1398 
29 -9.8 0.4 0.8 0 -1 1001 1398 1398 
30 -9.8 0.4 0.8 0 -1 1001 1393 1393 
31 -9.8 0.4 0.8 0 -1 1001 1397 1397 
32 -9.8 0.4 0.7 0 -1 1001 1370 1370 
33 -9.8 0.4 0.8 0 -1 1001 1397 1397 
34 -9.8 0.4 0.7 0 -1 1001 1371 1371 
35 -9.8 0.4 0.7 0 -1 1001 1370 1370 
36 -9.8 0.4 0.75 0 -1 1001 1383 1383 
37 -9.8 0.4 0.8 0 -1 1001 1397 1397 
38 -9.8 0.4 0.75 0 -1 1001 1384 1384 
39 -9.8 0.4 0.75 0 -1 1001 1384 1384 
40 -9.8 0.4 0.7 0 -1 1001 1371 1371 
41 -9.8 0.4 0.8 0 -1 1001 1395 1395 
42 -9.8 0.4 0.7 0 -1 1001 1368 1368 
43 -9.8 0.4 0.8 0 -1 1001 1397 1397 
44 -9.8 0.4 0.7 0 -1 1001 1369 1369 
45 -9.8 0.4 0.7 0 -1 1001 1369 1369 
46 -9.8 0.4 0.8 0 -1 1001 1396 1396 
47 -9.8 0.4 0.7 0 -1 1001 1369 1369 
48 -9.8 0.4 0.75 0 -1 1001 1384 1384 
49 -9.8 0.4 0.8 0 -1 1001 1396 1396 
50 -9.8 0.4 0.75 0 -1 1001 1384 1384 
51 -9.8 0.4 0.8 0 -1 1001 1396 1396 
52 -9.8 0.4 0.8 0 -1 1001 1397 1397 
53 -9.8 0.4 0.75 0 -1 1001 1383 1383 
54 -9.8 0.4 0.7 0 -1 1001 1370 1370 
55 -9.8 0.4 0.7 0 -1 1001 1371 1371 
56 -9.8 0.4 0.75 0 -1 1001 1383 1383 
57 -9.8 0.4 0.8 0 -1 1001 1397 1397 
58 -9.8 0.4 0.7 0 -1 1001 1370 1370 
59 -9.8 0.4 0.75 0 -1 1001 1383 1383 
60 -9.8 0.4 0.75 0 -1 1001 1384 1384 
61 -9.8 0.4 0.75 0 -1 1001 1382 1382 
62 -9.8 0.4 0.8 0 -1 1001 1395 1395 
63 -9.8 0.4 0.8 0 -1 1001 1391 1391 
64 -9.8 0.4 0.7 0 -1 1001 1370 1370 
65 -9.8 0.4 0.7 0 -1 1001 1369 1369 
66 -9.8 0.4 0.75 0 -1 1001 1383 1383 
67 -9.8 0.4 0.75 0 -1 1001 1382 1382 
68 -9.8 0.4 0.8 0 -1 1001 1396 1396 
69 -9.8 0.4 0.75 0 -1 1001 1384 1384 
70 -9.8 0.4 0.75 0 -1 1001 1384 1384 
71 -9.8 0.4 0.8 0 -1 1001 1392 1392 
72 -9.8 0.4 0.7 0 -1 1001 1368 1368 
73 -9.8 0.4 0.8 0 -1 1001 1397 1397 
74 -9.8 0.4 0.7 0 -1 1001 1370 1370 
75 -9.8 0.4 0.75 0 -1 1001 1383 1383 
76 -9.8 0.4 0.8 0 -1 1001 1396 1396 
77 -9.8 0.4 0.7 0 -1 1001 1370 1370 
78 -9.8 0.4 0.7 0 -1 1001 1368 1368 
79 -9.8 0.4 0.7 0 -1 1001 1368 1368 
80 -9.8 0.4 0.8 0 -1 1001 1397 1397 
