1 -9.8 0.4 0.8 0 -1 1004 1402 1402 
2 -2.45 0.4 0.8 0 -1 1001 1792 1792 
3 -9.8 0.4 0.75 0 -1 1001 1384 1384 
4 -4.9 0.4 0.75 0 -1 1001 1543 1543 
5 -4.9 0.4 0.8 0 -1 1001 1562 1562 
6 -2.45 0.4 0.75 0 -1 1001 1767 1767 
7 -9.8 0.4 0.7 0 -1 1001 1371 1371 
8 -2.45 0.4 0.7 0 -1 1001 1740 1740 
9 -4.9 0.4 0.75 0 -1 1001 1543 1543 
10 -4.9 0.4 0.8 0 -1 1001 1561 1561 
11 -9.8 0.4 0.8 0 -1 1001 1397 1397 
12 -2.45 0.4 0.8 0 -1 1001 1791 1791 
13 -2.45 0.4 0.75 0 -1 1001 1767 1767 
14 -4.9 0.4 0.7 0 -1 1001 1524 1524 
15 -2.45 0.4 0.75 0 -1 1001 1763 1763 
16 -9.8 0.4 0.8 0 -1 1001 1397 1397 
17 -9.8 0.4 0.75 0 -1 1001 1384 1384 
18 -4.9 0.4 0.8 0 -1 1001 1561 1561 
19 -2.45 0.4 0.7 0 -1 1001 1739 1739 
20 -4.9 0.4 0.7 0 -1 1001 1521 1521 
21 -9.8 0.4 0.8 0 -1 1001 1397 1397 
22 -4.9 0.4 0.8 0 -1 1001 1561 1561 
23 -4.9 0.4 0.75 0 -1 1001 1542 1542 
24 -9.8 0.4 0.7 0 -1 1001 1371 1371 
25 -2.45 0.4 0.75 0 -1 1001 1766 1766 
26 -9.8 0.4 0.8 0 -1 1001 1397 1397 
27 -2.45 0.4 0.75 0 -1 1001 1767 1767 
28 -9.8 0.4 0.8 0 -1 1001 1397 1397 
29 -4.9 0.4 0.7 0 -1 1001 1523 1523 
30 -2.45 0.4 0.7 0 -1 1001 1740 1740 
31 -9.8 0.4 0.8 0 -1 1001 1397 1397 
32 -2.45 0.4 0.8 0 -1 1001 1791 1791 
33 -9.8 0.4 0.75 0 -1 1001 1384 1384 
34 -4.9 0.4 0.75 0 -1 1001 1543 1543 
35 -4.9 0.4 0.8 0 -1 1001 1561 1561 
36 -2.45 0.4 0.75 0 -1 1001 1767 1767 
37 -9.8 0.4 0.7 0 -1 1001 1370 1370 
38 -2.45 0.4 0.7 0 -1 1001 1739 1739 
39 -4.9 0.4 0.75 0 -1 1001 1543 1543 
40 -4.9 0.4 0.8 0 -1 1001 1560 1560 
41 -9.8 0.4 0.8 0 -1 1001 1397 1397 
42 -2.45 0.4 0.8 0 -1 1001 1794 1794 
43 -2.45 0.4 0.75 0 -1 1001 1766 1766 
44 -4.9 0.4 0.7 0 -1 1001 1524 1524 
45 -2.45 0.4 0.75 0 -1 1001 1767 1767 
46 -9.8 0.4 0.8 0 -1 1001 1398 1398 
47 -9.8 0.4 0.75 0 -1 1001 1384 1384 
48 -4.9 0.4 0.8 0 -1 1001 1562 1562 
49 -2.45 0.4 0.7 0 -1 1001 1740 1740 
50 -4.9 0.4 0.7 0 -1 1001 1524 1524 
51 -9.8 0.4 0.8 0 -1 1001 1397 1397 
52 -4.9 0.4 0.8 0 -1 1001 1560 1560 
53 -4.9 0.4 0.75 0 -1 1001 1543 1543 
54 -9.8 0.4 0.7 0 -1 1001 1371 1371 
55 -2.45 0.4 0.75 0 -1 1001 1766 1766 
56 -9.8 0.4 0.8 0 -1 1001 1397 1397 
57 -2.45 0.4 0.75 0 -1 1001 1766 1766 
58 -9.8 0.4 0.8 0 -1 1001 1397 1397 
59 -4.9 0.4 0.7 0 -1 1001 1523 1523 
60 -2.45 0.4 0.7 0 -1 1001 1737 1737 
